56/1 0
56/2 0
56/3 0
56/4 0
56/5 0
56/6 0
56/7 0
56/8 0
56/9 0
56/10 0
56/11 0
56/12 0
56/13 0
56/14 0
56/15 0
56/16 0
56/17 0
56/18 0
56/19 0
56/20 0
56/21 0
56/22 0
56/23 0
56/24 0
56/25 0
56/26 0
56/27 0
56/28 0
56/29 0
56/30 0
56/31 0
56/32 0
56/33 0
56/34 0
56/35 0
56/36 0
56/37 0
56/38 0
56/39 0
56/40 0
56/41 0
56/42 0
56/43 0
56/44 0
56/45 0
56/46 0
56/47 0
56/48 0
56/49 0
56/50 0
56/51 0
56/52 0
56/53 0
56/54 0
56/55 0
56/56 0
56/57 0
56/58 0
56/59 0
56/60 0
56/61 0
56/62 0
56/63 0
56/64 0
56/65 0
56/66 0
56/67 0
56/68 0
56/69 0
56/70 0
56/71 0
56/72 0
56/73 0
56/74 0
56/75 0
56/76 0
56/77 0
56/78 0
56/79 0
56/80 0
56/81 0
56/82 0
56/83 0
56/84 0
56/85 0
56/86 0
56/87 0
56/88 0
56/89 0
56/90 0
56/91 0
56/92 0
56/93 0
56/94 0
56/95 0
56/96 0
56/97 0
56/98 0
56/99 0
56/100 0
56/101 0
56/102 0
56/103 0
56/104 0
56/105 0
56/106 0
56/107 0
56/108 0
56/109 0
56/110 0
56/111 0
56/112 0
56/113 0
56/114 0
56/115 0
56/116 0
56/117 0
56/118 0
56/119 0
56/120 0
56/121 0
56/122 0
56/123 0
56/124 0
56/125 0
56/126 0
56/127 0
56/128 0
56/129 0
56/130 0
56/131 0
56/132 0
56/133 0
56/134 0
56/135 0
56/136 0
56/137 0
56/138 1 156 456 160 403
56/139 1 156 456 160 403
56/140 1 156 456 160 403
56/141 1 156 456 160 403
56/142 1 156 456 160 403
56/143 1 156 456 160 403
56/144 1 156 456 160 403
56/145 1 156 456 160 403
56/146 1 156 456 160 403
56/147 1 156 456 160 403
56/148 1 156 456 160 403
56/149 1 156 456 160 403
56/150 1 156 456 160 403
56/151 1 156 456 160 403
56/152 1 156 456 160 403
56/153 1 156 456 160 403
56/154 1 156 456 160 403
56/155 1 156 456 160 403
56/156 1 156 456 160 403
56/157 1 156 456 160 403
56/158 1 156 456 160 403
56/159 1 156 456 160 403
56/160 1 156 456 160 403
56/161 1 156 456 160 403
56/162 1 156 456 160 403
56/163 1 156 456 160 403
56/164 1 156 456 160 403
56/165 1 156 456 160 403
56/166 1 156 456 160 403
56/167 1 156 456 160 403
56/168 1 156 456 160 403
56/169 1 156 456 160 403
56/170 1 156 456 160 403
56/171 1 156 456 160 403
56/172 1 156 456 160 403
56/173 1 156 456 160 403
56/174 1 156 456 160 403
56/175 1 156 456 160 403
56/176 1 156 456 160 403
56/177 1 156 456 160 403
56/178 1 156 456 160 403
56/179 1 156 456 160 403
56/180 1 156 456 160 403
56/181 1 156 456 160 403
56/182 1 156 456 160 403
56/183 1 156 456 160 403
56/184 1 156 456 160 403
56/185 1 156 456 160 403
56/186 1 156 456 160 403
56/187 1 156 456 160 403
56/188 1 156 456 160 403
56/189 1 156 456 160 403
56/190 1 156 456 160 403
56/191 1 156 456 160 403
56/192 1 156 456 160 403
56/193 1 156 456 160 403
56/194 1 156 456 160 403
56/195 1 156 456 160 403
56/196 1 156 456 160 403
56/197 1 156 456 160 403
56/198 1 156 456 160 403
56/199 1 156 456 160 403
56/200 1 156 456 160 403
56/201 1 156 456 160 403
56/202 1 156 456 160 403
56/203 1 156 456 160 403
56/204 1 156 456 160 403
56/205 1 156 456 160 403
56/206 1 156 456 160 403
56/207 1 156 456 160 403
56/208 1 156 456 160 403
56/209 1 156 456 160 403
56/210 1 156 456 160 403
56/211 1 156 456 160 403
56/212 1 156 456 160 403
56/213 1 156 456 160 403
56/214 1 156 456 160 403
56/215 1 156 456 160 403
56/216 1 156 456 160 403
56/217 1 156 456 160 403
56/218 1 156 456 160 403
56/219 1 156 456 160 403
56/220 1 156 456 160 403
56/221 1 156 456 160 403
56/222 1 156 456 160 403
56/223 1 156 456 160 403
56/224 1 156 456 160 403
56/225 1 156 456 160 403
56/226 0
56/227 0
56/228 0
56/229 0
56/230 0
56/231 0
56/232 0
56/233 0
56/234 0
56/235 0
56/236 0
56/237 0
56/238 0
56/239 0
