56/140 366.0 220.0 0.02022202 1.0
56/141 366.0 220.0 0.15640418 1.0
56/142 366.0 220.0 0.8163506 1.0
56/143 366.0 220.0 0.9282776 1.0
56/143 366.0 270.0 0.11818389 1.0
56/144 366.0 220.0 0.5099923 1.0
56/144 366.0 270.0 0.26857126 1.0
56/145 366.0 220.0 0.93930775 1.0
56/145 366.0 270.0 0.65184045 1.0
56/146 366.0 220.0 0.9984914 1.0
56/146 366.0 270.0 0.47387 1.0
56/147 366.0 220.0 0.9999311 1.0
56/147 366.0 270.0 0.84280765 1.0
56/148 366.0 220.0 0.9998135 1.0
56/148 366.0 270.0 0.6508876 1.0
56/149 366.0 220.0 0.99987125 1.0
56/149 366.0 270.0 0.86669946 1.0
56/150 366.0 220.0 0.9998678 1.0
56/150 366.0 270.0 0.9795846 1.0
56/151 366.0 220.0 0.9998356 1.0
56/151 366.0 270.0 0.96828574 1.0
56/152 366.0 220.0 0.9999378 1.0
56/152 366.0 270.0 0.99570066 1.0
56/153 366.0 220.0 0.9999287 1.0
56/153 366.0 270.0 0.99854267 1.0
56/154 366.0 220.0 0.999864 1.0
56/154 366.0 270.0 0.9986946 1.0
56/155 366.0 220.0 0.999938 1.0
56/155 366.0 270.0 0.9994475 1.0
56/156 366.0 220.0 0.9999621 1.0
56/156 366.0 270.0 0.9991949 1.0
56/157 366.0 220.0 0.99963427 1.0
56/157 366.0 270.0 0.96207786 1.0
56/158 366.0 220.0 0.97088057 1.0
56/159 366.0 220.0 9.524296e-06 1.0
56/177 216.0 320.0 0.90022033 1.0
56/178 166.0 320.0 0.021301934 1.0
56/178 216.0 320.0 0.99777836 1.0
56/179 166.0 320.0 0.9992567 1.0
56/179 216.0 320.0 0.99939156 1.0
56/180 166.0 320.0 0.99981636 1.0
56/180 216.0 320.0 0.9999944 1.0
56/181 166.0 320.0 0.9904689 1.0
56/181 216.0 320.0 0.99998105 1.0
56/182 166.0 320.0 0.55348694 1.0
56/182 216.0 320.0 0.9999982 1.0
56/183 166.0 320.0 0.71646076 1.0
56/183 216.0 320.0 0.9999995 1.0
56/184 166.0 320.0 0.74143463 1.0
56/184 216.0 270.0 0.0177162 1.0
56/184 216.0 320.0 0.9999676 1.0
56/185 166.0 320.0 0.9934809 1.0
56/185 216.0 270.0 0.8186652 1.0
56/185 216.0 320.0 0.99999976 1.0
56/186 166.0 270.0 0.52845305 1.0
56/186 166.0 320.0 0.5297966 1.0
56/186 216.0 270.0 0.8618243 1.0
56/186 216.0 320.0 1.0 1.0
56/187 166.0 270.0 0.77399147 1.0
56/187 166.0 320.0 0.202947 1.0
56/187 216.0 270.0 0.06689297 1.0
56/187 216.0 320.0 1.0 1.0
56/188 166.0 270.0 0.044686407 1.0
56/188 166.0 320.0 0.17433071 1.0
56/188 216.0 270.0 0.99948055 1.0
56/188 216.0 320.0 1.0 1.0
56/189 166.0 270.0 0.81570214 1.0
56/189 166.0 320.0 0.008426127 1.0
56/189 216.0 270.0 0.9999937 1.0
56/189 216.0 320.0 1.0 1.0
56/190 166.0 270.0 0.21895881 1.0
56/190 166.0 320.0 0.000727455 1.0
56/190 216.0 270.0 0.9999423 1.0
56/190 216.0 320.0 0.9998491 1.0
56/191 166.0 270.0 0.42603454 1.0
56/191 166.0 320.0 0.003707251 1.0
56/191 216.0 270.0 0.9999925 1.0
56/191 216.0 320.0 0.9999335 1.0
56/192 166.0 270.0 0.0055301744 1.0
56/192 166.0 320.0 0.0067702928 1.0
56/192 216.0 270.0 0.9997106 1.0
56/192 216.0 320.0 0.9999254 1.0
56/193 166.0 270.0 0.0015564855 1.0
56/193 166.0 320.0 0.0073447246 1.0
56/193 216.0 270.0 0.9999871 1.0
56/193 216.0 320.0 0.99990153 1.0
56/194 166.0 270.0 0.001003425 1.0
56/194 166.0 320.0 0.018987859 1.0
56/194 216.0 270.0 0.9999368 1.0
56/194 216.0 320.0 0.9993267 1.0
56/195 166.0 270.0 0.03349811 1.0
56/195 166.0 320.0 0.17477438 1.0
56/195 216.0 270.0 0.9986627 1.0
56/195 216.0 320.0 0.99998987 1.0
56/195 266.0 320.0 0.74907523 1.0
56/196 166.0 270.0 0.021837117 1.0
56/196 166.0 320.0 0.09787702 1.0
56/196 216.0 270.0 0.9996848 1.0
56/196 216.0 320.0 1.0 1.0
56/196 266.0 320.0 0.9965743 1.0
56/197 166.0 270.0 0.31174767 1.0
56/197 166.0 320.0 0.030584425 1.0
56/197 216.0 270.0 0.9999975 1.0
56/197 216.0 320.0 0.999997 1.0
56/197 266.0 320.0 0.999607 1.0
56/198 166.0 270.0 0.7728119 1.0
56/198 166.0 320.0 0.24492566 1.0
56/198 216.0 270.0 0.99999154 1.0
56/198 216.0 320.0 0.99998665 1.0
56/198 266.0 320.0 0.99903417 1.0
56/199 166.0 270.0 0.1163287 1.0
56/199 166.0 320.0 0.055189453 1.0
56/199 216.0 270.0 0.9995783 1.0
56/199 216.0 320.0 0.9999461 1.0
56/199 266.0 320.0 0.99729234 1.0
56/200 166.0 270.0 0.5873177 1.0
56/200 166.0 320.0 0.0068296776 1.0
56/200 216.0 270.0 0.99959534 1.0
56/200 216.0 320.0 0.9999627 1.0
56/200 266.0 320.0 0.9986486 1.0
56/201 166.0 270.0 0.64996964 1.0
56/201 166.0 320.0 0.006274182 1.0
56/201 216.0 270.0 0.99991155 1.0
56/201 216.0 320.0 0.9999925 1.0
56/201 266.0 320.0 0.9989686 1.0
56/202 166.0 270.0 0.768382 1.0
56/202 166.0 320.0 0.0032492976 1.0
56/202 216.0 270.0 0.99999845 1.0
56/202 216.0 320.0 0.9999995 1.0
56/202 266.0 320.0 0.99788576 1.0
56/203 166.0 270.0 0.4131618 1.0
56/203 166.0 320.0 0.016065272 1.0
56/203 216.0 270.0 0.9999927 1.0
56/203 216.0 320.0 0.9999981 1.0
56/203 266.0 320.0 0.9985221 1.0
56/204 166.0 270.0 0.26381695 1.0
56/204 166.0 320.0 0.027506778 1.0
56/204 216.0 270.0 0.99999857 1.0
56/204 216.0 320.0 0.99997985 1.0
56/204 266.0 320.0 0.99962366 1.0
56/205 166.0 270.0 0.40891045 1.0
56/205 166.0 320.0 0.92174435 1.0
56/205 216.0 270.0 0.9999852 1.0
56/205 216.0 320.0 0.9996637 1.0
56/205 266.0 320.0 0.9996346 1.0
56/206 166.0 270.0 0.49446228 1.0
56/206 166.0 320.0 0.83178896 1.0
56/206 216.0 270.0 0.9995561 1.0
56/206 216.0 320.0 0.9997533 1.0
56/206 266.0 320.0 0.9999503 1.0
56/207 166.0 270.0 0.8269647 1.0
56/207 166.0 320.0 0.9056617 1.0
56/207 216.0 270.0 0.9988839 1.0
56/207 216.0 320.0 0.99994314 1.0
56/207 266.0 320.0 0.9996599 1.0
56/208 166.0 270.0 0.55562276 1.0
56/208 166.0 320.0 0.97255313 1.0
56/208 216.0 270.0 0.99990714 1.0
56/208 216.0 320.0 0.99990237 1.0
56/208 266.0 320.0 0.97569466 1.0
56/209 166.0 270.0 0.9819002 1.0
56/209 166.0 320.0 0.98976094 1.0
56/209 216.0 270.0 0.9998934 1.0
56/209 216.0 320.0 0.99994886 1.0
56/209 266.0 320.0 0.88751537 1.0
56/210 166.0 270.0 0.9358668 1.0
56/210 166.0 320.0 0.99999416 1.0
56/210 216.0 270.0 0.99988663 1.0
56/210 216.0 320.0 0.9994592 1.0
56/211 166.0 270.0 0.9460824 1.0
56/211 166.0 320.0 0.99980503 1.0
56/211 216.0 270.0 0.9997776 1.0
56/211 216.0 320.0 0.99887115 1.0
56/212 166.0 270.0 0.9551919 1.0
56/212 166.0 320.0 0.9691637 1.0
56/212 216.0 270.0 0.999985 1.0
56/212 216.0 320.0 0.9999876 1.0
56/213 166.0 270.0 0.9333677 1.0
56/213 166.0 320.0 0.99819946 1.0
56/213 216.0 270.0 0.9999924 1.0
56/213 216.0 320.0 0.9991228 1.0
56/214 166.0 270.0 0.00942477 1.0
56/214 166.0 320.0 0.9979463 1.0
56/214 216.0 270.0 0.9999516 1.0
56/214 216.0 320.0 0.9999894 1.0
56/215 166.0 270.0 0.046345446 1.0
56/215 166.0 320.0 0.13561368 1.0
56/215 216.0 270.0 0.99975306 1.0
56/215 216.0 320.0 0.99998283 1.0
56/216 166.0 270.0 0.30822542 1.0
56/216 216.0 270.0 0.9912344 1.0
56/216 216.0 320.0 0.99793375 1.0
56/217 216.0 270.0 0.38354668 1.0
56/217 216.0 320.0 0.8962277 1.0
56/218 216.0 270.0 0.054672915 1.0
56/218 216.0 320.0 0.82328516 1.0
56/156 366.0 170.0 9.032066e-07 0.0
56/157 366.0 170.0 1.1292891e-06 0.0
56/158 366.0 170.0 5.405181e-06 0.0
56/158 366.0 270.0 0.043283906 0.0
56/159 366.0 170.0 4.362214e-06 0.0
56/159 366.0 270.0 1.3180861e-05 0.0
56/160 366.0 170.0 3.1609954e-06 0.0
56/160 366.0 220.0 6.85399e-05 0.0
56/160 366.0 270.0 1.0957814e-05 0.0
56/161 366.0 170.0 6.8281356e-06 0.0
56/161 366.0 220.0 9.149923e-05 0.0
56/161 366.0 270.0 2.4448214e-05 0.0
56/162 366.0 170.0 1.2883416e-05 0.0
56/162 366.0 220.0 1.1746517e-05 0.0
56/162 366.0 270.0 4.0823896e-05 0.0
56/163 366.0 170.0 2.1480562e-05 0.0
56/163 366.0 220.0 2.3689172e-05 0.0
56/163 366.0 270.0 4.594538e-05 0.0
56/164 366.0 170.0 1.5998003e-05 0.0
56/164 366.0 220.0 1.5384096e-05 0.0
56/164 366.0 270.0 7.752776e-05 0.0
56/165 366.0 170.0 3.480726e-05 0.0
56/165 366.0 220.0 5.679807e-06 0.0
56/165 366.0 270.0 3.3337736e-05 0.0
56/166 366.0 170.0 3.104659e-05 0.0
56/166 366.0 220.0 2.5610746e-07 0.0
56/166 366.0 270.0 4.5427532e-05 0.0
56/167 366.0 170.0 1.4180379e-05 0.0
56/167 366.0 220.0 6.003489e-08 0.0
56/167 366.0 270.0 0.00032150734 0.0
56/167 416.0 220.0 1.2525838e-05 0.0
56/168 366.0 170.0 8.146667e-06 0.0
56/168 366.0 220.0 1.6010755e-07 0.0
56/168 366.0 270.0 0.00079557754 0.0
56/168 416.0 220.0 5.6490003e-06 0.0
56/169 366.0 170.0 1.3454806e-05 0.0
56/169 366.0 220.0 2.403107e-07 0.0
56/169 366.0 270.0 0.024902677 0.0
56/169 416.0 220.0 8.140546e-06 0.0
56/170 266.0 320.0 0.0008204206 0.0
56/170 366.0 170.0 3.765422e-05 0.0
56/170 366.0 220.0 1.6972041e-07 0.0
56/170 366.0 270.0 0.38017187 0.0
56/170 366.0 320.0 0.79252696 0.0
56/170 416.0 220.0 2.9780742e-06 0.0
56/171 266.0 320.0 0.002491489 0.0
56/171 316.0 220.0 9.3764764e-05 0.0
56/171 366.0 170.0 9.688933e-06 0.0
56/171 366.0 220.0 6.861557e-07 0.0
56/171 366.0 270.0 0.078291334 0.0
56/171 366.0 320.0 0.964984 0.0
56/171 416.0 220.0 8.467184e-06 0.0
56/172 266.0 320.0 0.0025599306 0.0
56/172 316.0 220.0 5.336156e-05 0.0
56/172 366.0 170.0 5.4644493e-06 0.0
56/172 366.0 220.0 5.9274157e-07 0.0
56/172 366.0 270.0 0.09873857 0.0
56/172 366.0 320.0 0.98523605 0.0
56/172 416.0 220.0 1.0320677e-05 0.0
56/172 416.0 270.0 1.0367299e-06 0.0
56/173 266.0 320.0 0.00039895193 0.0
56/173 316.0 220.0 3.2739129e-06 0.0
56/173 316.0 320.0 0.0013602095 0.0
56/173 366.0 170.0 1.9949111e-07 0.0
56/173 366.0 220.0 7.8662276e-07 0.0
56/173 366.0 270.0 0.14261723 0.0
56/173 366.0 320.0 0.93800473 0.0
56/173 416.0 220.0 1.1580685e-05 0.0
56/173 416.0 270.0 9.982474e-07 0.0
56/174 266.0 320.0 5.8130678e-05 0.0
56/174 316.0 220.0 8.070491e-07 0.0
56/174 316.0 320.0 0.0005425996 0.0
56/174 366.0 170.0 6.32793e-07 0.0
56/174 366.0 220.0 5.5031785e-07 0.0
56/174 366.0 270.0 0.7417832 0.0
56/174 366.0 320.0 0.9939183 0.0
56/174 416.0 220.0 2.6311154e-05 0.0
56/174 416.0 270.0 1.4210025e-06 0.0
56/175 216.0 320.0 6.267529e-05 0.0
56/175 266.0 320.0 0.00024061468 0.0
56/175 316.0 220.0 8.987969e-06 0.0
56/175 316.0 270.0 0.0012329544 0.0
56/175 316.0 320.0 0.0010254708 0.0
56/175 366.0 170.0 1.4179442e-07 0.0
56/175 366.0 220.0 8.982236e-07 0.0
56/175 366.0 270.0 0.8987314 0.0
56/175 366.0 320.0 0.9978739 0.0
56/175 416.0 220.0 4.1331536e-05 0.0
56/175 416.0 270.0 5.1588763e-06 0.0
56/176 216.0 320.0 0.000725119 0.0
56/176 266.0 320.0 0.0001469529 0.0
56/176 316.0 220.0 2.728468e-07 0.0
56/176 316.0 270.0 3.6668976e-06 0.0
56/176 316.0 320.0 0.00020731262 0.0
56/176 366.0 170.0 9.1891866e-07 0.0
56/176 366.0 220.0 8.321571e-07 0.0
56/176 366.0 270.0 0.6738399 0.0
56/176 366.0 320.0 0.99968696 0.0
56/176 416.0 220.0 7.888013e-06 0.0
56/176 416.0 270.0 1.790918e-06 0.0
56/177 266.0 320.0 0.0001100457 0.0
56/177 316.0 220.0 8.096076e-07 0.0
56/177 316.0 270.0 8.879471e-06 0.0
56/177 316.0 320.0 0.47410393 0.0
56/177 366.0 170.0 2.448904e-06 0.0
56/177 366.0 220.0 4.466124e-07 0.0
56/177 366.0 270.0 0.8838314 0.0
56/177 366.0 320.0 0.99999154 0.0
56/177 416.0 220.0 6.338243e-06 0.0
56/177 416.0 270.0 1.3204099e-06 0.0
56/178 266.0 320.0 3.5318004e-05 0.0
56/178 316.0 170.0 4.1911622e-05 0.0
56/178 316.0 220.0 2.0741213e-06 0.0
56/178 316.0 270.0 8.4217725e-05 0.0
56/178 316.0 320.0 0.15324761 0.0
56/178 366.0 170.0 7.614853e-06 0.0
56/178 366.0 220.0 1.0958094e-06 0.0
56/178 366.0 270.0 0.5620101 0.0
56/178 366.0 320.0 0.9997112 0.0
56/178 416.0 220.0 3.4933507e-06 0.0
56/178 416.0 270.0 1.7074839e-06 0.0
56/179 266.0 320.0 4.6734123e-05 0.0
56/179 316.0 170.0 6.293983e-06 0.0
56/179 316.0 220.0 1.8033357e-05 0.0
56/179 316.0 270.0 0.03801349 0.0
56/179 316.0 320.0 0.7166487 0.0
56/179 366.0 170.0 3.899617e-05 0.0
56/179 366.0 220.0 2.7148567e-06 0.0
56/179 366.0 270.0 0.79274786 0.0
56/179 366.0 320.0 0.9997806 0.0
56/179 416.0 220.0 1.1564262e-05 0.0
56/179 416.0 270.0 1.7692162e-06 0.0
56/180 266.0 320.0 0.0004803471 0.0
56/180 316.0 170.0 5.792636e-05 0.0
56/180 316.0 220.0 7.9361536e-07 0.0
56/180 316.0 270.0 0.017262382 0.0
56/180 316.0 320.0 0.66171247 0.0
56/180 366.0 170.0 8.3577776e-05 0.0
56/180 366.0 220.0 6.9961143e-06 0.0
56/180 366.0 270.0 0.3009119 0.0
56/180 366.0 320.0 0.99986804 0.0
56/180 416.0 220.0 4.0239403e-05 0.0
56/180 416.0 270.0 1.8360885e-07 0.0
56/181 266.0 320.0 0.0012207231 0.0
56/181 316.0 170.0 1.2784323e-06 0.0
56/181 316.0 220.0 1.6758656e-07 0.0
56/181 316.0 270.0 0.02323536 0.0
56/181 316.0 320.0 0.87138146 0.0
56/181 366.0 170.0 0.0002898813 0.0
56/181 366.0 220.0 1.6978419e-06 0.0
56/181 366.0 270.0 0.16809492 0.0
56/181 366.0 320.0 0.99946433 0.0
56/181 416.0 220.0 1.6108335e-05 0.0
56/181 416.0 270.0 3.502684e-07 0.0
56/182 266.0 320.0 0.002742119 0.0
56/182 316.0 170.0 2.7843415e-08 0.0
56/182 316.0 220.0 3.5394223e-07 0.0
56/182 316.0 270.0 0.0033546202 0.0
56/182 316.0 320.0 0.5822928 0.0
56/182 366.0 170.0 0.0004167636 0.0
56/182 366.0 220.0 4.8077272e-06 0.0
56/182 366.0 270.0 0.0021897722 0.0
56/182 366.0 320.0 0.93391514 0.0
56/182 416.0 220.0 1.6663605e-05 0.0
56/182 416.0 270.0 2.9453898e-07 0.0
56/183 266.0 320.0 0.00017372327 0.0
56/183 316.0 170.0 3.3244145e-08 0.0
56/183 316.0 220.0 9.330347e-08 0.0
56/183 316.0 270.0 0.00033817344 0.0
56/183 316.0 320.0 0.046856318 0.0
56/183 366.0 170.0 0.00012526714 0.0
56/183 366.0 220.0 5.7978104e-06 0.0
56/183 366.0 270.0 7.700301e-05 0.0
56/183 366.0 320.0 0.0013077733 0.0
56/183 416.0 220.0 1.2291138e-05 0.0
56/183 416.0 270.0 4.539904e-07 0.0
56/184 266.0 220.0 1.6030257e-05 0.0
56/184 266.0 270.0 7.1054797e-06 0.0
56/184 266.0 320.0 0.00018591812 0.0
56/184 316.0 170.0 3.255591e-08 0.0
56/184 316.0 220.0 1.02034015e-07 0.0
56/184 316.0 270.0 0.0002570883 0.0
56/184 316.0 320.0 0.005950649 0.0
56/184 366.0 170.0 0.00023903302 0.0
56/184 366.0 220.0 1.0401652e-05 0.0
56/184 366.0 270.0 4.827055e-05 0.0
56/184 366.0 320.0 0.0001834542 0.0
56/184 416.0 220.0 2.0073947e-05 0.0
56/184 416.0 270.0 1.1554026e-06 0.0
56/185 266.0 220.0 3.311927e-06 0.0
56/185 266.0 270.0 9.749784e-06 0.0
56/185 266.0 320.0 0.0009932172 0.0
56/185 316.0 170.0 1.2575886e-06 0.0
56/185 316.0 220.0 1.2985311e-06 0.0
56/185 316.0 270.0 2.5269866e-05 0.0
56/185 316.0 320.0 0.0011291755 0.0
56/185 366.0 170.0 0.00032557797 0.0
56/185 366.0 220.0 5.4858306e-06 0.0
56/185 366.0 270.0 1.4676201e-05 0.0
56/185 366.0 320.0 0.00014065584 0.0
56/185 416.0 220.0 1.2660211e-05 0.0
56/185 416.0 270.0 2.254991e-06 0.0
56/186 266.0 220.0 1.9989498e-06 0.0
56/186 266.0 270.0 4.0222194e-06 0.0
56/186 266.0 320.0 0.0028733064 0.0
56/186 316.0 170.0 3.591227e-06 0.0
56/186 316.0 220.0 1.212098e-06 0.0
56/186 316.0 270.0 4.047562e-06 0.0
56/186 316.0 320.0 0.0003687724 0.0
56/186 366.0 170.0 0.00010432031 0.0
56/186 366.0 220.0 5.4512852e-06 0.0
56/186 366.0 270.0 2.5313938e-07 0.0
56/186 366.0 320.0 0.00013538013 0.0
56/186 416.0 220.0 1.5814187e-05 0.0
56/186 416.0 270.0 1.8281398e-06 0.0
56/187 266.0 220.0 1.0225889e-05 0.0
56/187 266.0 270.0 1.3871667e-06 0.0
56/187 266.0 320.0 0.009292152 0.0
56/187 316.0 120.0 0.003473796 0.0
56/187 316.0 170.0 1.058744e-05 0.0
56/187 316.0 220.0 6.5814165e-05 0.0
56/187 316.0 270.0 0.00021801244 0.0
56/187 316.0 320.0 0.00092910347 0.0
56/187 366.0 170.0 0.000111033776 0.0
56/187 366.0 220.0 8.066019e-06 0.0
56/187 366.0 270.0 1.0118985e-06 0.0
56/187 366.0 320.0 0.00039099355 0.0
56/187 416.0 220.0 1.15425455e-05 0.0
56/187 416.0 270.0 2.586348e-06 0.0
56/188 266.0 220.0 0.0011463653 0.0
56/188 266.0 270.0 1.6048606e-06 0.0
56/188 266.0 320.0 0.004801194 0.0
56/188 316.0 120.0 0.0001864971 0.0
56/188 316.0 170.0 1.8553073e-06 0.0
56/188 316.0 220.0 0.00019177202 0.0
56/188 316.0 270.0 1.3353527e-05 0.0
56/188 316.0 320.0 0.0038841208 0.0
56/188 366.0 170.0 0.00012464315 0.0
56/188 366.0 220.0 6.3133584e-06 0.0
56/188 366.0 270.0 3.3208867e-06 0.0
56/188 366.0 320.0 3.723628e-05 0.0
56/188 416.0 220.0 1.4389528e-05 0.0
56/188 416.0 270.0 1.0603288e-06 0.0
56/189 266.0 220.0 2.0617916e-05 0.0
56/189 266.0 270.0 3.8297844e-06 0.0
56/189 266.0 320.0 0.044877183 0.0
56/189 316.0 120.0 1.5852404e-05 0.0
56/189 316.0 170.0 3.2240365e-07 0.0
56/189 316.0 220.0 5.59269e-06 0.0
56/189 316.0 270.0 0.0002889798 0.0
56/189 316.0 320.0 6.3161584e-05 0.0
56/189 366.0 170.0 3.858291e-05 0.0
56/189 366.0 220.0 8.328039e-06 0.0
56/189 366.0 270.0 2.3174553e-06 0.0
56/189 366.0 320.0 8.281307e-05 0.0
56/189 416.0 220.0 3.866431e-05 0.0
56/189 416.0 270.0 9.343718e-07 0.0
56/190 266.0 220.0 6.0378155e-05 0.0
56/190 266.0 270.0 1.7575168e-05 0.0
56/190 266.0 320.0 0.0006570691 0.0
56/190 316.0 120.0 0.00017612823 0.0
56/190 316.0 170.0 3.1340414e-07 0.0
56/190 316.0 220.0 1.0630875e-05 0.0
56/190 316.0 270.0 2.689279e-07 0.0
56/190 316.0 320.0 3.761987e-06 0.0
56/190 366.0 170.0 5.449981e-05 0.0
56/190 366.0 220.0 1.1471623e-05 0.0
56/190 366.0 270.0 1.649709e-06 0.0
56/190 366.0 320.0 0.00020594808 0.0
56/190 416.0 220.0 2.2054928e-05 0.0
56/190 416.0 270.0 5.556685e-07 0.0
56/191 266.0 220.0 0.00017540356 0.0
56/191 266.0 270.0 5.5734945e-05 0.0
56/191 266.0 320.0 0.023740023 0.0
56/191 316.0 120.0 0.0007596337 0.0
56/191 316.0 170.0 8.675567e-08 0.0
56/191 316.0 220.0 3.3738265e-06 0.0
56/191 316.0 270.0 7.576742e-08 0.0
56/191 316.0 320.0 5.197211e-06 0.0
56/191 366.0 170.0 3.781078e-05 0.0
56/191 366.0 220.0 7.2048583e-06 0.0
56/191 366.0 270.0 5.700296e-07 0.0
56/191 366.0 320.0 3.9890956e-06 0.0
56/191 416.0 220.0 5.0740287e-05 0.0
56/191 416.0 270.0 2.9822006e-06 0.0
56/192 266.0 220.0 2.5099534e-05 0.0
56/192 266.0 270.0 0.00012279244 0.0
56/192 266.0 320.0 0.2714495 0.0
56/192 316.0 120.0 0.001402224 0.0
56/192 316.0 170.0 7.155995e-08 0.0
56/192 316.0 220.0 2.6499005e-05 0.0
56/192 316.0 270.0 1.9267963e-08 0.0
56/192 316.0 320.0 4.3893062e-05 0.0
56/192 366.0 170.0 4.8177102e-05 0.0
56/192 366.0 220.0 2.22475e-05 0.0
56/192 366.0 270.0 4.368871e-06 0.0
56/192 366.0 320.0 2.007391e-05 0.0
56/192 416.0 220.0 3.4629073e-05 0.0
56/192 416.0 270.0 2.659114e-06 0.0
56/193 266.0 220.0 2.6973186e-05 0.0
56/193 266.0 270.0 0.00016326843 0.0
56/193 266.0 320.0 0.2877034 0.0
56/193 316.0 120.0 0.00024128638 0.0
56/193 316.0 170.0 2.7334783e-08 0.0
56/193 316.0 220.0 6.5637985e-05 0.0
56/193 316.0 270.0 7.90284e-08 0.0
56/193 316.0 320.0 2.6451893e-05 0.0
56/193 366.0 170.0 3.7306443e-05 0.0
56/193 366.0 220.0 7.3433107e-06 0.0
56/193 366.0 270.0 1.0541441e-06 0.0
56/193 366.0 320.0 6.0869093e-05 0.0
56/193 416.0 220.0 5.3126046e-06 0.0
56/193 416.0 270.0 6.9530535e-07 0.0
56/194 266.0 220.0 1.3876654e-06 0.0
56/194 266.0 270.0 4.296002e-06 0.0
56/194 266.0 320.0 0.011910067 0.0
56/194 316.0 120.0 0.0010453266 0.0
56/194 316.0 170.0 2.7182247e-07 0.0
56/194 316.0 220.0 9.517619e-05 0.0
56/194 316.0 270.0 5.6315764e-07 0.0
56/194 316.0 320.0 0.00012161285 0.0
56/194 366.0 170.0 1.46504435e-05 0.0
56/194 366.0 220.0 1.4083142e-05 0.0
56/194 366.0 270.0 3.522482e-06 0.0
56/194 366.0 320.0 0.00012603804 0.0
56/194 416.0 220.0 4.044525e-06 0.0
56/194 416.0 270.0 1.0325867e-06 0.0
56/195 266.0 220.0 0.014280256 0.0
56/195 266.0 270.0 7.230845e-05 0.0
56/195 316.0 120.0 0.0002140979 0.0
56/195 316.0 170.0 2.4896494e-06 0.0
56/195 316.0 220.0 0.00011856526 0.0
56/195 316.0 270.0 2.1999997e-05 0.0
56/195 316.0 320.0 0.00040896586 0.0
56/195 366.0 170.0 3.362561e-05 0.0
56/195 366.0 220.0 2.167905e-05 0.0
56/195 366.0 270.0 6.7916567e-06 0.0
56/195 366.0 320.0 1.35271375e-05 0.0
56/195 416.0 220.0 7.1543886e-06 0.0
56/195 416.0 270.0 1.9065115e-07 0.0
56/196 266.0 220.0 0.00012752342 0.0
56/196 266.0 270.0 0.0009970004 0.0
56/196 316.0 120.0 0.00051240734 0.0
56/196 316.0 170.0 4.0914878e-07 0.0
56/196 316.0 220.0 0.00012768903 0.0
56/196 316.0 270.0 8.460602e-05 0.0
56/196 316.0 320.0 3.999521e-05 0.0
56/196 366.0 170.0 2.8150194e-05 0.0
56/196 366.0 220.0 4.3634955e-06 0.0
56/196 366.0 270.0 1.8864914e-06 0.0
56/196 366.0 320.0 0.00019467293 0.0
56/196 416.0 220.0 1.2604049e-05 0.0
56/196 416.0 270.0 5.384558e-07 0.0
56/197 266.0 220.0 1.2801061e-06 0.0
56/197 266.0 270.0 0.0001207385 0.0
56/197 316.0 120.0 0.0013699698 0.0
56/197 316.0 170.0 5.1954936e-07 0.0
56/197 316.0 220.0 0.00015057129 0.0
56/197 316.0 270.0 3.03695e-05 0.0
56/197 316.0 320.0 4.8200036e-06 0.0
56/197 366.0 170.0 2.5186238e-05 0.0
56/197 366.0 220.0 5.9112026e-06 0.0
56/197 366.0 270.0 2.2119086e-07 0.0
56/197 366.0 320.0 6.880486e-05 0.0
56/197 416.0 220.0 7.2229104e-06 0.0
56/197 416.0 270.0 3.8361193e-07 0.0
56/198 266.0 220.0 1.3806898e-07 0.0
56/198 266.0 270.0 0.00017967868 0.0
56/198 316.0 120.0 4.750115e-05 0.0
56/198 316.0 170.0 1.7547752e-07 0.0
56/198 316.0 220.0 5.7734065e-05 0.0
56/198 316.0 270.0 4.162705e-06 0.0
56/198 316.0 320.0 2.2354963e-05 0.0
56/198 366.0 170.0 1.9027812e-05 0.0
56/198 366.0 220.0 5.9663435e-06 0.0
56/198 366.0 270.0 6.725129e-06 0.0
56/198 366.0 320.0 2.8762797e-05 0.0
56/198 416.0 220.0 1.4683971e-05 0.0
56/198 416.0 270.0 4.0231103e-07 0.0
56/199 266.0 220.0 1.4101133e-07 0.0
56/199 266.0 270.0 1.5551653e-06 0.0
56/199 316.0 120.0 1.7680031e-05 0.0
56/199 316.0 170.0 2.1322564e-06 0.0
56/199 316.0 220.0 2.5257412e-05 0.0
56/199 316.0 270.0 1.5371412e-05 0.0
56/199 316.0 320.0 2.03301e-05 0.0
56/199 366.0 170.0 1.3621832e-05 0.0
56/199 366.0 220.0 3.5022704e-06 0.0
56/199 366.0 270.0 1.25389615e-05 0.0
56/199 366.0 320.0 6.866425e-05 0.0
56/199 416.0 220.0 2.8185143e-06 0.0
56/199 416.0 270.0 3.1822847e-07 0.0
56/200 266.0 170.0 7.482857e-07 0.0
56/200 266.0 220.0 3.5323785e-07 0.0
56/200 266.0 270.0 0.000108335335 0.0
56/200 316.0 120.0 6.37565e-05 0.0
56/200 316.0 170.0 1.261217e-06 0.0
56/200 316.0 220.0 1.2091587e-05 0.0
56/200 316.0 270.0 5.4604116e-06 0.0
56/200 316.0 320.0 5.951761e-06 0.0
56/200 366.0 170.0 7.765611e-06 0.0
56/200 366.0 220.0 1.0605984e-05 0.0
56/200 366.0 270.0 3.7027432e-05 0.0
56/200 366.0 320.0 5.7498455e-06 0.0
56/200 416.0 220.0 2.9549747e-06 0.0
56/200 416.0 270.0 2.325454e-06 0.0
56/201 266.0 170.0 2.5666104e-06 0.0
56/201 266.0 220.0 2.1589746e-07 0.0
56/201 266.0 270.0 8.7305714e-05 0.0
56/201 316.0 120.0 3.2520304e-05 0.0
56/201 316.0 170.0 4.866817e-07 0.0
56/201 316.0 220.0 8.177179e-06 0.0
56/201 316.0 270.0 8.986983e-06 0.0
56/201 316.0 320.0 1.8543823e-06 0.0
56/201 366.0 170.0 1.1954169e-06 0.0
56/201 366.0 220.0 1.0404786e-05 0.0
56/201 366.0 270.0 7.722574e-05 0.0
56/201 366.0 320.0 2.475905e-05 0.0
56/201 416.0 220.0 2.7233052e-06 0.0
56/201 416.0 270.0 8.575824e-07 0.0
56/202 266.0 170.0 6.808245e-06 0.0
56/202 266.0 220.0 2.2339898e-07 0.0
56/202 266.0 270.0 4.6782996e-05 0.0
56/202 316.0 120.0 0.00023116478 0.0
56/202 316.0 170.0 1.9311085e-06 0.0
56/202 316.0 220.0 1.4630356e-06 0.0
56/202 316.0 270.0 3.1786587e-06 0.0
56/202 316.0 320.0 8.868502e-07 0.0
56/202 366.0 170.0 7.279907e-06 0.0
56/202 366.0 220.0 2.5183651e-06 0.0
56/202 366.0 270.0 2.7989769e-05 0.0
56/202 366.0 320.0 4.5707843e-06 0.0
56/202 416.0 220.0 5.457793e-06 0.0
56/202 416.0 270.0 1.1440183e-06 0.0
56/203 266.0 170.0 1.6693795e-05 0.0
56/203 266.0 220.0 3.385367e-07 0.0
56/203 266.0 270.0 5.059876e-05 0.0
56/203 316.0 120.0 5.6676006e-05 0.0
56/203 316.0 170.0 2.6246605e-06 0.0
56/203 316.0 220.0 1.2541831e-05 0.0
56/203 316.0 270.0 1.646297e-06 0.0
56/203 316.0 320.0 2.936459e-06 0.0
56/203 366.0 170.0 4.070133e-05 0.0
56/203 366.0 220.0 1.5223698e-06 0.0
56/203 366.0 270.0 3.146084e-05 0.0
56/203 366.0 320.0 5.430944e-06 0.0
56/203 416.0 220.0 2.4934488e-06 0.0
56/203 416.0 270.0 6.8669124e-07 0.0
56/204 266.0 170.0 0.00021082714 0.0
56/204 266.0 220.0 1.2317848e-06 0.0
56/204 266.0 270.0 0.00013187966 0.0
56/204 316.0 120.0 5.634695e-05 0.0
56/204 316.0 170.0 6.472709e-06 0.0
56/204 316.0 220.0 1.6734604e-06 0.0
56/204 316.0 270.0 8.3554205e-06 0.0
56/204 316.0 320.0 1.7832552e-05 0.0
56/204 366.0 170.0 3.2882836e-05 0.0
56/204 366.0 220.0 3.0076062e-06 0.0
56/204 366.0 270.0 4.1624913e-05 0.0
56/204 366.0 320.0 6.3747298e-06 0.0
56/204 416.0 220.0 1.2152475e-06 0.0
56/204 416.0 270.0 1.3768612e-06 0.0
56/205 266.0 170.0 0.00036906835 0.0
56/205 266.0 220.0 2.687938e-06 0.0
56/205 266.0 270.0 0.35602432 0.0
56/205 316.0 120.0 3.463726e-05 0.0
56/205 316.0 170.0 4.0862471e-07 0.0
56/205 316.0 220.0 2.0671366e-06 0.0
56/205 316.0 270.0 7.3542087e-06 0.0
56/205 316.0 320.0 6.65317e-05 0.0
56/205 366.0 170.0 0.000114331524 0.0
56/205 366.0 220.0 1.8049246e-06 0.0
56/205 366.0 270.0 1.321783e-05 0.0
56/205 366.0 320.0 8.189501e-06 0.0
56/205 416.0 220.0 4.049412e-07 0.0
56/206 266.0 170.0 9.198091e-05 0.0
56/206 266.0 220.0 1.9018169e-06 0.0
56/206 266.0 270.0 0.033420302 0.0
56/206 316.0 170.0 7.2538865e-07 0.0
56/206 316.0 220.0 2.9716326e-05 0.0
56/206 316.0 270.0 5.655361e-06 0.0
56/206 316.0 320.0 3.2463104e-05 0.0
56/206 366.0 170.0 3.1010106e-05 0.0
56/206 366.0 220.0 2.694444e-06 0.0
56/206 366.0 270.0 1.9969255e-05 0.0
56/206 366.0 320.0 2.93995e-05 0.0
56/206 416.0 220.0 1.8671311e-07 0.0
56/207 266.0 170.0 3.7441132e-05 0.0
56/207 266.0 220.0 8.189401e-07 0.0
56/207 266.0 270.0 0.03811911 0.0
56/207 316.0 170.0 4.7674027e-07 0.0
56/207 316.0 220.0 4.9453483e-06 0.0
56/207 316.0 270.0 6.3360853e-06 0.0
56/207 316.0 320.0 2.475511e-05 0.0
56/207 366.0 170.0 1.16047195e-05 0.0
56/207 366.0 220.0 6.0049665e-06 0.0
56/207 366.0 270.0 3.05572e-05 0.0
56/207 416.0 220.0 2.478201e-06 0.0
56/208 266.0 170.0 6.087089e-06 0.0
56/208 266.0 220.0 1.9973591e-07 0.0
56/208 266.0 270.0 0.011719997 0.0
56/208 316.0 170.0 2.4297393e-07 0.0
56/208 316.0 220.0 4.67539e-06 0.0
56/208 316.0 270.0 2.634275e-06 0.0
56/208 316.0 320.0 1.6541217e-05 0.0
56/208 366.0 170.0 2.3416465e-06 0.0
56/208 366.0 220.0 1.38818605e-05 0.0
56/208 366.0 270.0 2.0906475e-05 0.0
56/208 416.0 220.0 1.5750145e-05 0.0
56/209 266.0 170.0 2.2773788e-06 0.0
56/209 266.0 220.0 7.107786e-07 0.0
56/209 266.0 270.0 0.011452098 0.0
56/209 316.0 170.0 4.914942e-06 0.0
56/209 316.0 220.0 5.2038913e-06 0.0
56/209 316.0 270.0 1.5311952e-06 0.0
56/209 316.0 320.0 7.801679e-06 0.0
56/209 366.0 170.0 2.757261e-05 0.0
56/209 366.0 220.0 1.7301325e-05 0.0
56/209 366.0 270.0 6.794108e-05 0.0
56/209 416.0 220.0 9.034513e-06 0.0
56/210 266.0 170.0 6.124343e-06 0.0
56/210 266.0 220.0 1.01618725e-05 0.0
56/210 266.0 270.0 0.00095137156 0.0
56/210 266.0 320.0 0.08281876 0.0
56/210 316.0 170.0 3.796503e-06 0.0
56/210 316.0 220.0 3.9621273e-06 0.0
56/210 316.0 270.0 2.9605146e-06 0.0
56/210 316.0 320.0 1.4143279e-05 0.0
56/210 366.0 170.0 4.0352494e-05 0.0
56/210 366.0 220.0 6.989518e-06 0.0
56/210 366.0 270.0 2.0868887e-05 0.0
56/211 266.0 170.0 6.7122824e-06 0.0
56/211 266.0 220.0 6.887602e-05 0.0
56/211 266.0 270.0 8.309831e-06 0.0
56/211 266.0 320.0 0.00049287535 0.0
56/211 316.0 170.0 1.808575e-05 0.0
56/211 316.0 220.0 5.966611e-06 0.0
56/211 316.0 270.0 3.288677e-06 0.0
56/211 316.0 320.0 3.887798e-05 0.0
56/211 366.0 170.0 3.4810615e-05 0.0
56/211 366.0 220.0 2.8171519e-06 0.0
56/211 366.0 270.0 0.00012264242 0.0
56/212 266.0 170.0 3.8751386e-05 0.0
56/212 266.0 220.0 2.5097357e-05 0.0
56/212 266.0 270.0 5.0307863e-06 0.0
56/212 266.0 320.0 0.0003057034 0.0
56/212 316.0 170.0 1.2697367e-05 0.0
56/212 316.0 220.0 6.2494414e-06 0.0
56/212 316.0 270.0 2.2527943e-06 0.0
56/212 316.0 320.0 8.244345e-05 0.0
56/212 366.0 170.0 7.236826e-05 0.0
56/212 366.0 220.0 1.9854051e-05 0.0
56/212 366.0 270.0 0.00019080934 0.0
56/213 266.0 220.0 0.00013935183 0.0
56/213 266.0 270.0 1.8210656e-05 0.0
56/213 266.0 320.0 0.00023312186 0.0
56/213 316.0 170.0 2.6901073e-06 0.0
56/213 316.0 220.0 1.9284718e-05 0.0
56/213 316.0 270.0 1.6337974e-05 0.0
56/213 366.0 170.0 4.2485502e-05 0.0
56/213 366.0 220.0 7.285684e-05 0.0
56/213 366.0 270.0 0.0015715724 0.0
56/214 266.0 220.0 7.691142e-05 0.0
56/214 266.0 270.0 4.5318237e-05 0.0
56/214 266.0 320.0 0.009892752 0.0
56/214 316.0 170.0 2.567693e-05 0.0
56/214 316.0 220.0 3.129647e-05 0.0
56/214 316.0 270.0 1.1354974e-05 0.0
56/214 366.0 170.0 6.396539e-05 0.0
56/214 366.0 220.0 4.271984e-05 0.0
56/214 366.0 270.0 0.0034533017 0.0
56/215 266.0 220.0 2.3816134e-05 0.0
56/215 266.0 270.0 3.0891275e-05 0.0
56/215 316.0 170.0 0.000111907946 0.0
56/215 316.0 220.0 5.323194e-06 0.0
56/215 316.0 270.0 6.1609494e-06 0.0
56/215 366.0 170.0 5.8939553e-05 0.0
56/215 366.0 220.0 2.4161709e-05 0.0
56/215 366.0 270.0 0.0009961962 0.0
56/216 166.0 320.0 0.0004714716 0.0
56/216 266.0 220.0 5.6249246e-05 0.0
56/216 266.0 270.0 1.8516663e-05 0.0
56/216 316.0 170.0 5.4717697e-05 0.0
56/216 316.0 220.0 1.1891622e-05 0.0
56/216 316.0 270.0 7.776885e-06 0.0
56/216 366.0 170.0 4.2911866e-05 0.0
56/216 366.0 220.0 4.302894e-05 0.0
56/216 366.0 270.0 0.00035193935 0.0
56/217 166.0 270.0 0.311254 0.0
56/217 266.0 220.0 3.861976e-05 0.0
56/217 266.0 270.0 2.3587392e-05 0.0
56/217 316.0 170.0 0.0005108041 0.0
56/217 316.0 220.0 1.0324981e-06 0.0
56/217 316.0 270.0 5.676407e-06 0.0
56/217 366.0 170.0 2.2386173e-05 0.0
56/217 366.0 220.0 7.69972e-05 0.0
56/217 366.0 270.0 0.00012036581 0.0
56/218 266.0 220.0 0.0008943463 0.0
56/218 266.0 270.0 7.826798e-05 0.0
56/218 316.0 170.0 0.0007297043 0.0
56/218 316.0 220.0 6.453494e-07 0.0
56/218 316.0 270.0 8.23085e-06 0.0
56/218 366.0 170.0 6.542245e-05 0.0
56/218 366.0 220.0 1.9080546e-05 0.0
56/218 366.0 270.0 0.00027773847 0.0
56/219 266.0 220.0 7.5314325e-05 0.0
56/219 266.0 270.0 2.1605408e-06 0.0
56/219 316.0 170.0 7.812705e-05 0.0
56/219 316.0 220.0 1.4180823e-06 0.0
56/219 316.0 270.0 8.642124e-06 0.0
56/219 366.0 170.0 6.638183e-05 0.0
56/219 366.0 220.0 4.4172422e-05 0.0
56/219 366.0 270.0 0.00014421229 0.0
56/220 266.0 220.0 1.0522516e-05 0.0
56/220 266.0 270.0 2.2310014e-06 0.0
56/220 316.0 170.0 0.00039727826 0.0
56/220 316.0 220.0 5.15843e-07 0.0
56/220 316.0 270.0 8.248838e-06 0.0
56/220 366.0 220.0 2.1403288e-05 0.0
56/220 366.0 270.0 5.627766e-06 0.0
56/221 266.0 220.0 1.7527029e-05 0.0
56/221 266.0 270.0 2.8246252e-06 0.0
56/221 316.0 170.0 0.00017782362 0.0
56/221 316.0 220.0 6.908722e-07 0.0
56/221 316.0 270.0 2.800811e-06 0.0
56/221 366.0 220.0 0.00026032043 0.0
56/221 366.0 270.0 9.316125e-06 0.0
56/222 266.0 220.0 8.52993e-06 0.0
56/222 266.0 270.0 2.574755e-05 0.0
56/222 316.0 220.0 7.712749e-07 0.0
56/222 316.0 270.0 6.3285734e-06 0.0
56/222 366.0 220.0 0.0002216012 0.0
56/222 366.0 270.0 2.3951885e-05 0.0
56/223 316.0 220.0 8.225163e-07 0.0
56/223 316.0 270.0 2.8727436e-05 0.0
56/223 366.0 220.0 0.00082403485 0.0
56/224 316.0 220.0 6.502047e-06 0.0
56/224 316.0 270.0 0.0008066623 0.0
56/225 316.0 220.0 0.00014441415 0.0
